30.38
12.96
13.02
48.21
92.40
22.19
48.79
58.97
61.22
19.86
89.54
92.72
77.01
58.58
15.11
2.61
22.18
4.90
96.19
44.55
20.94
88.38
63.85
53.33
21.93
78.14
39.96
74.06
5.45
13.90
81.62
5.29
8.13
4.74
84.04
74.42
29.34
83.04
48.40
42.04
16.43
98.81
75.40
45.21
13.30
1.81
89.80
41.99
2.96
11.04
47.50
87.01
56.24
94.20
47.39
52.56
59.05
60.53
27.83
59.86
71.63
64.17
77.30
18.71
49.26
83.74
78.73
72.49
35.38
47.08
49.86
43.70
16.11
5.49
39.90
23.65
22.99
49.78
3.17
10.02
46.01
25.36
49.42
5.81
29.79
41.27
66.66
86.20
98.27
20.97
74.27
40.33
88.61
10.56
78.01
6.64
26.20
71.11
71.64
13.59
